8207461770
4620039
2833414
1399848
1048475
506379
1489522
457348
1106926
394414
1111008
1071501
842463
42749953867
1288128
1741889
1436428
537321
3226214
1134232
1424278
1024969
1048764
457938
1598223
8505817025
1470561
1668005
185027
1379768
1221759
1111928
1117448
1095450
788849
1006324
1888271
1517468
821911
1707633
195435
93237
2316350
1559663
2370499
1872885
1213107
44099565
684802723
1525294
2736692
888348
2421378
1636175
1624419
1318182
2701157
1245797
2469486
1054079
1656552
4524149567
2076620
1453665628
1529880
1385040
1665773
1476519
2165852
4337967
4642244839
2617747
1640064
929110
261029
3230744
808128
2064255
460481
7583560646
2668877
1049544
1959491
2804167
3706737
2798663
2050834
1789585
1614092
1179889
347409
2079652
322395
3540266
2106518
680119
185423
918208
4696027
523881
821776
2505352
3034526
2393341571
835565
2719064
2227802
3209852
25452269
1900244
2229233
47387498
914911760
2271809
675957
4618722
2209579
801032
1437850
2135064
761442
2896739
2299845
103574
4379626962
5091942
3858410
1656491
1723237
2745762
10129529812
2610540
1225417
4480117
1293388
6398667
2120778
2488555
3644532
714998
1465083
996073
1901813
650329
1457366
1563176
864703
4523802844
3223740
1321005
2823503
3074921
2862115
1694937
818402
3128587
3708850
2101650
3918548
2325525
1693639
979228
123835
2851469
2290362
1789136
196891
808754
372037
2008185
3108634
1607158
2666915
2582284
143986
2591690
1488538
1385333
950989
3569576
26302212080
2785357
260028543
3540429
1169248
615066
3929208
4087567
8562276113
1702043
3764829
1171910
2389792
3281938
3049596
3251430
934458
2002514
3740112
42398943
2638454803
2378468
3555679
5283551898
4012213
12260141
20107459
2743155
78438498
21407865652
1301724
14999811381
3638885
124094
2221000
2063279
3611651
150955
3353368
2154992
2714056
120219
2767238
1843236
2157991
2510244
11220924939
2052219
3057675
2679959
1094617
2936572
2057594
1894146
2982853
2995083920
533570377
3404166
2564044995
2901101
2423401
1605461
161671
2033331
2715728
474939
3661670
2683881083
3256510
595106
306350
274465
5297054
3078997
2496638
2092638
5162044
1118687
1940206
115056
2509873
3441217
2689046589
3375708
2875101
1577333
1040447
1995851
4241843
4664711
178386
870774913
1349079019
1792091
